UPLOAD: 1681479658.116632
DELETE: 1681479658.149189,End,check ticket,
APPLY: 1681479660.926472,End,reject request,
