UPLOAD: 1681467155.390461
APPLY: 1681467156.65465,Start,check ticket,
