UPLOAD: 1696984071.190007
DELETE: 1696984071.969846,End,Data_Merge,
APPLY: 1696984076.173866,End,Report_Generated,
