UPLOAD: 1689152146.50263
APPLY: 1689152159.152862,Start,checkTicket,
