UPLOAD: 1681465991.794443
APPLY: 1681465998.625233,End,pay compensation,
