UPLOAD: 1681467546.227531
APPLY: 1681467558.14591,End,reject request,
