UPLOAD: 1696984177.328755
DELETE: 1696984177.807706,End,Report_Generated,
