UPLOAD: 1681465655.002222
DELETE: 1681465655.075243,End,pay compensation,
