UPLOAD: 1689154095.978154
DELETE: 1689154096.009858,Start,decide,
