UPLOAD: 1681466765.596218
DELETE: 1681466765.660375,Start,check ticket,
