UPLOAD: 1681467158.279883
DELETE: 1681467158.378885,Start,check ticket,
