UPLOAD: 1689153877.767369
APPLY: 1689153905.271444,Start,decide,
