UPLOAD: 1681467140.294106
APPLY: 1681467141.540661,Start,check ticket,
