UPLOAD: 1681467274.538254
APPLY: 1681467287.547439,End,reject request,
