UPLOAD: 1696984306.736633
DELETE: 1696984307.170314,ChainSuccession,Query,Trasformation
APPLY: 1696984346.034205,Response,Request,Query
