UPLOAD: 1681466707.028347
APPLY: 1681466723.672976,End,reject request,
