UPLOAD: 1681467142.739929
DELETE: 1681467142.800399,Start,check ticket,
