UPLOAD: 1690548050.618303
DELETE: 1690548050.878602,Existence,Store_Results,
