UPLOAD: 1686838767.766236
APPLY: 1686838803.418831,Start,Permit SUBMITTED by EMPLOYEE,
