UPLOAD: 1681465643.009697
DELETE: 1681465643.097035,Start,check ticket,
APPLY: 1681465652.76329,End,pay compensation,
