UPLOAD: 1689154088.341929
APPLY: 1689154092.849597,Start,decide,
