UPLOAD: 1689153706.124797
DELETE: 1689153706.151474,End,reject request,
