UPLOAD: 1696984032.204824
DELETE: 1696984032.950217,Succession,Restore access to_database,Query
APPLY: 1696984048.962622,AlternateSuccession,Restore_access to_database,Query
