UPLOAD: 1681467045.817236
APPLY: 1681467047.088654,Start,check ticket,
APPLY: 1681467048.451292,Start,check ticket,
APPLY: 1681467049.355436,Start,check ticket,
