UPLOAD: 1681466819.323802
APPLY: 1681466828.884752,Start,check ticket,
APPLY: 1681466831.086552,Start,check ticket,
