UPLOAD: 1689153907.07102
DELETE: 1689153907.097779,Start,decide,
