UPLOAD: 1690549504.782182
DELETE: 1690549505.123813,End,checkTicket,
