UPLOAD: 1689855058.563671
DELETE: 1689855058.740992,Start,checkTicket,
APPLY: 1689855062.803714,Start,payCompensation,
