UPLOAD: 1686838850.389802
DELETE: 1686838851.360401,Start,Permit SUBMITTED by EMPLOYEE,
