UPLOAD: 1696984349.75765
DELETE: 1696984350.212229,Response,Request,Query
APPLY: 1696984360.16585,Existence,Launch_Algorithm,
