UPLOAD: 1681465579.010874
APPLY: 1681465639.065329,Start,check ticket,
