UPLOAD: 1696984063.84221
DELETE: 1696984064.619966,AlternateSuccession,Restore_access to_database,Query
APPLY: 1696984066.079494,End,Data_Merge,
