UPLOAD: 1690549492.388354
APPLY: 1690549497.880535,End,checkTicket,
