UPLOAD: 1681466758.717612
DELETE: 1681466758.764028,Start,register request,
