UPLOAD: 1696984003.626174
APPLY: 1696984026.147818,Succession,Restore access to_database,Query
