UPLOAD: 1681479640.786359
APPLY: 1681479649.547567,End,reinitiate request,
