UPLOAD: 1681479653.701457
DELETE: 1681479653.741723,End,reinitiate request,
APPLY: 1681479654.2369,End,check ticket,
