UPLOAD: 1681466763.062659
APPLY: 1681466764.799267,Start,check ticket,
