UPLOAD: 1681466001.23867
DELETE: 1681466001.315291,End,pay compensation,
