UPLOAD: 1681466379.45577
DELETE: 1681466379.559692,End,reject request,
