UPLOAD: 1689152162.67863
DELETE: 1689152162.703493,Start,checkTicket,
