UPLOAD: 1696984365.59501
DELETE: 1696984366.013739,Existence,Launch_Algorithm,
APPLY: 1696984403.58478,ChainResponse,Request,Query
