UPLOAD: 1690549429.722074
APPLY: 1690549440.995491,End,rejectRequest,
