UPLOAD: 1681466367.575394
APPLY: 1681466376.804455,End,reject request,
