UPLOAD: 1689855100.82075
DELETE: 1689855101.006965,Start,payCompensation,
