UPLOAD: 1690548036.592618
DELETE: 1690548036.937735,Choice,Data_Merge,Launch_Algorithm
