UPLOAD: 1696984431.990382
DELETE: 1696984432.36997,ChainResponse,Request,Query
