UPLOAD: 1690548097.795012
DELETE: 1690548098.090798,Start,Data_Merge,
