UPLOAD: 1681466741.026824
DELETE: 1681466741.087463,End,reject request,
APPLY: 1681466756.737028,Start,register request,
