UPLOAD: 1689153692.876162
APPLY: 1689153703.871438,End,reject request,
