UPLOAD: 1681467560.827215
DELETE: 1681467560.897551,End,reject request,
