UPLOAD: 1690549445.61068
DELETE: 1690549445.817216,End,rejectRequest,
