UPLOAD: 1681467289.86517
DELETE: 1681467289.915214,End,reject request,
