UPLOAD: 1689855053.318542
APPLY: 1689855056.874984,Start,checkTicket,
