UPLOAD: 1690548084.793781
APPLY: 1690548090.26963,Start,Data_Merge,
