UPLOAD: 1681479662.451382
DELETE: 1681479662.491356,End,reject request,
