UPLOAD: 1690548011.580219
APPLY: 1690548022.66328,Choice,Data_Merge,Launch_Algorithm
APPLY: 1690548023.863825,Existence,Store_Results,
